=== Surface 1
x = [-0.24730820962962904, -0.5751348783068785, -0.054555819576719594]
n = [0.5037526632873787, -0.11292018385769689, 0.8564358039622215]
--- Shape operator (Weingarten map)
S = [0.45113516664976744 0.686910511462521; 0.18554544486850422 -0.0711068884440806]
det(S) = -0.15953193440233196
tr(S) / 2 = 0.19001413910284343
(k1, k2) = (-0.2522949241790734, 0.6323232023847601)
(t1, t2) = ([-0.6986558517155671, 0.7154578959404918], [0.9669281404611803, 0.25504895840658487])
(e1, e2) = ([0.6622094461933239, -0.5861588384749808, -0.46679381470837095], [-0.5547178594593872, -0.8022885068073736, 0.22050226357475433])
--- Curvature tensor (Embedded Weingarten map)
W = [0.08393666539077639 0.37934227506316587 0.0006446259071729798; 0.37934227506316587 0.32032144165243764 -0.18089379794593605; 0.0006446259071729825 -0.18089379794593605 -0.024229828837527174]
(tr(W) ^ 2 - tr(W ^ 2)) / 2 = -0.159531934402332
tr(W) / 2 = 0.19001413910284343
eig.values = [-0.25229492417907345, 5.0326034271663164e-18, 0.6323232023847598]
eig.vectors = [-0.6622094461933237 0.5037526632873788 -0.5547178594593873; 0.5861588384749807 -0.11292018385769698 -0.8022885068073735; 0.46679381470837084 0.8564358039622215 0.22050226357475436]
=== Surface 2
x = [-0.2473082096296297, -0.5751348783068783, -0.05455581957671952]
n = [0.5037526632873784, -0.11292018385769714, 0.8564358039622215]
--- Shape operator (Weingarten map)
S = [-0.00941861959934219 0.7183422543741669; 0.21697718778015293 0.3894468978050274]
det(S) = -0.15953193440233143
tr(S) / 2 = 0.1900141391028426
(k1, k2) = (-0.2522949241790733, 0.6323232023847585)
(t1, t2) = ([-0.9473180097615795, 0.3202945337987516], [-0.7457494774871808, -0.6662264756279179])
(e1, e2) = ([0.6622094461933242, -0.5861588384749802, -0.46679381470837084], [0.5547178594593868, 0.8022885068073741, -0.22050226357475355])
--- Curvature tensor (Embedded Weingarten map)
W = [0.08393666539077554 0.37934227506316504 0.0006446259071735124; 0.3793422750631651 0.3203214416524372 -0.18089379794593538; 0.0006446259071735179 -0.18089379794593535 -0.02422982883752744]
(tr(W) ^ 2 - tr(W ^ 2)) / 2 = -0.15953193440233154
tr(W) / 2 = 0.19001413910284265
eig.values = [-0.25229492417907357, 8.435262466627762e-18, 0.6323232023847587]
eig.vectors = [-0.6622094461933243 0.5037526632873787 -0.554717859459387; 0.5861588384749803 -0.11292018385769724 -0.8022885068073738; 0.4667938147083708 0.8564358039622216 0.22050226357475353]
=== Surface 3
x = [-0.11159251897368007, -0.6160264511401999, -0.05455581957671952]
n = [0.5162430295785497, 0.003293645874040737, 0.8564358039622217]
--- Shape operator (Weingarten map)
S = [-0.009418619599342148 0.7183422543741667; 0.21697718778015282 0.38944689780502717]
det(S) = -0.1595319344023313
tr(S) / 2 = 0.1900141391028425
(k1, k2) = (-0.2522949241790732, 0.6323232023847581)
(t1, t2) = ([-0.9473180097615795, 0.32029453379875167], [-0.745749477487181, -0.6662264756279178])
(e1, e2) = ([0.7770941097167061, -0.42217091230164966, -0.46679381470837084], [0.36002483116468603, 0.9065102717031115, -0.2205022635747536])
--- Curvature tensor (Embedded Weingarten map)
W = [-0.07039426939328197 0.28913844560970153 0.041320354759139095; 0.28913844560970153 0.4746523764364944 -0.17611249234635207; 0.04132035475913909 -0.17611249234635207 -0.024229828837527407]
(tr(W) ^ 2 - tr(W ^ 2)) / 2 = -0.15953193440233132
tr(W) / 2 = 0.1900141391028425
eig.values = [-0.2522949241790734, 6.938646611934801e-19, 0.6323232023847585]
eig.vectors = [-0.7770941097167061 0.5162430295785495 -0.3600248311646858; 0.42217091230164977 0.003293645874040564 -0.9065102717031117; 0.46679381470837067 0.8564358039622217 0.2205022635747535]
